268150
8
2 7 3 7 5 3 2 25
31
17 14
WWWWWWWWWWWWWW
W____________W
W____________W
W__O_________W
W____________W
W_O_OOOOOO___W
W___O__O_____W
W_____O______W
W___O_O_O__O_W
W__OO________W
W_OOOOOOO____W
W_OOOOOOO____W
W___O___O____W
W__OOOOOO____W
W_O__________W
W____________W
WWWWWWWWWWWWWW
2
0 14 3
1 15 12
31
0 9 10
1 12 12
2 11 11
3 11 12
4 10 12
5 10 11
6 12 10
7 9 12
8 9 7
9 13 12
10 12 11
11 9 11
12 7 11
13 10 9
14 10 10
15 9 9
16 9 8
17 6 11
18 7 10
19 14 4
20 14 11
21 13 11
22 14 12
23 15 10
24 1 10
25 1 11
26 1 9
27 6 1
28 5 1
29 4 1
30 3 1
8
5 1
5 11
7 11
9 6
12 5
13 1
14 2
15 4
3 0 3 0 0 0 0 0
40
17 14
WWWWWWWWWWWWWW
W____________W
W__________O_W
W____________W
W__O____O____W
W_OOOO__OO___W
W__O___O_____W
W___O________W
W___OOOOO____W
W_O________O_W
W_O_OOOOO____W
WO__OOOOO____W
W__OO___O____W
W__OOOOOO____W
W_______O___OW
W____________W
WWWWWWWWWWWWWW
2
0 14 4
1 5 6
23
0 2 7
1 3 10
2 2 6
3 3 7
4 4 10
5 1 6
6 10 3
7 3 9
8 7 9
9 2 5
10 1 5
11 7 8
12 6 9
13 4 11
14 14 2
15 13 2
16 12 2
17 14 3
18 1 7
19 2 8
20 9 3
21 9 12
22 10 1
8
1 3
3 2
5 1
6 1
7 5
7 12
11 3
12 1
3 0 0 1 0 3 0 0
