225147
8
6 3 4 7 4 3 3 7
0
17 14
WWWWWWWWWWWWWW
W_____O______W
W______OOOOO_W
W____________W
W____OOOOO___W
W__O_______O_W
WO_OOO_O_____W
WO_OOO_______W
W____O_O_____W
W____O_O_____W
W____O_OOO___W
W_O__O_O_____W
W_O__O_____O_W
W__________O_W
W____O_O_____W
W____________W
WWWWWWWWWWWWWW
2
0 5 5
1 7 2
68
0 10 2
1 13 6
2 7 7
3 7 9
4 13 2
5 13 5
6 10 3
7 5 4
8 3 6
9 13 1
10 7 6
11 8 6
12 10 6
13 3 4
14 6 6
15 3 3
16 13 4
17 4 4
18 9 6
19 5 6
20 13 3
21 12 1
22 2 3
23 12 3
24 9 1
25 8 1
26 12 6
27 4 3
28 9 2
29 12 8
30 7 8
31 5 7
32 9 10
33 10 10
34 8 10
35 10 12
36 3 8
37 7 10
38 8 8
39 6 8
40 10 11
41 9 11
42 6 9
43 6 10
44 11 6
45 13 7
46 11 10
47 11 11
48 3 9
49 3 10
50 3 11
51 11 9
52 5 8
53 3 12
54 4 10
55 2 2
56 3 2
57 1 2
58 4 2
59 14 11
60 2 12
61 11 8
62 14 12
63 14 10
64 1 10
65 15 11
66 1 8
67 15 10
8
2 5
3 2
3 12
4 12
5 11
7 1
12 8
13 12
0 0 1 1 0 25 0 0
5
17 14
WWWWWWWWWWWWWW
W_OO_________W
W_____OOOOO__W
W________O___W
W__OO_OOO____W
W____O_______W
W____OOO_____W
W_OO__OO_____W
W____O_O_____W
W___OO_O_____W
W____O____OO_W
W_OO___O__OO_W
W_OO_O_______W
W____O_______W
W___________OW
W_O__________W
WWWWWWWWWWWWWW
2
0 5 4
1 2 1
24
9 10 8
17 9 8
20 11 6
21 12 8
22 10 9
24 4 9
25 10 6
26 2 12
27 3 12
28 13 7
29 13 4
30 12 4
31 13 3
32 11 5
33 11 1
34 1 12
35 5 9
36 4 10
37 7 8
38 3 11
39 8 4
40 2 4
41 7 1
42 4 1
8
2 11
4 12
7 8
9 8
9 10
11 4
12 4
15 11
0 0 0 1 0 10 0 8
