299048
8
2 3 7 6 4 4 3 29
18
17 14
WWWWWWWWWWWWWW
W____________W
W___O__O_____W
W___O________W
W___OOOOOOOO_W
W____________W
W__O_________W
W_OOOOOOO____W
W_OOO____O_O_W
W________OO__W
W__O_________W
W_OOOOOOOOO__W
W___O________W
W___O________W
W__OO________W
W____________W
WWWWWWWWWWWWWW
2
0 6 7
1 9 6
13
0 10 9
1 10 10
2 5 8
3 5 9
4 5 7
5 6 6
6 10 11
7 11 11
8 9 1
9 12 7
10 11 1
11 10 1
12 14 5
8
1 5
2 11
3 9
5 12
8 5
12 1
13 7
15 11
0 0 0 0 0 0 0 0
26
17 14
WWWWWWWWWWWWWW
W___________OW
W___O__O_____W
W___OO_______W
WO_____OOOOO_W
W_____O____O_W
W__O_________W
W_OOO_OOO____W
W_OOO____O___W
W________OO__W
W__O_________W
W_OOOOOOOOO__W
W___O________W
W___O________W
W__OO________W
W____________W
WWWWWWWWWWWWWW
2
0 11 1
1 2 12
9
0 5 2
1 1 9
2 1 8
3 2 9
4 1 7
5 5 1
6 10 11
7 14 2
8 15 3
8
5 12
8 6
12 1
13 7
14 6
15 3
15 4
15 11
0 0 0 0 0 0 0 0
