298697
8
2 6 7 4 4 2 3 6
18
17 14
WWWWWWWWWWWWWW
W____________W
W_______OOOO_W
W_________OO_W
W____________W
W_OOOOOOO____W
W___O_O______W
W________O___W
W_O___O______W
W____OO______W
W_O__OOOOOOO_W
W_OOOOOOOOOO_W
W_O__________W
W_O__________W
W____________W
W____________W
WWWWWWWWWWWWWW
2
0 7 8
1 8 12
10
0 7 6
1 4 9
2 6 8
3 5 12
4 6 12
5 8 8
6 4 12
7 3 7
8 1 5
9 15 2
8
3 4
3 6
4 6
4 9
5 11
7 4
13 5
15 7
5 0 0 0 0 0 0 0
20
17 14
WWWWWWWWWWWWWW
W____________W
W_______OOOO_W
W_________OO_W
W____________W
W_OOOOOOO____W
W_____O______W
W_O___O__O___W
W___OO_______W
W__O___O_____W
W_O__OOOOOOO_W
W_OO_OOOOOOO_W
W_O__________W
W_O__________W
W____________W
W____________W
WWWWWWWWWWWWWW
2
0 7 8
1 9 6
14
0 6 3
1 4 5
2 9 12
3 1 6
4 5 9
5 8 12
6 1 7
7 2 7
8 1 8
9 1 12
10 2 12
11 7 7
12 3 12
13 7 5
8
3 4
3 6
4 9
5 11
7 9
9 8
9 12
12 12
0 0 0 0 0 0 0 0
