201682
8
2 5 7 7 3 4 4 13
11
17 14
WWWWWWWWWWWWWW
W____________W
W_____OOOOO__W
W____O___OO__W
W____OOOOO_O_W
W__O_OOOOOOO_W
W_____O__O___W
W________O___W
W_O____O___O_W
W________O___W
W________OO__W
W____________W
W__O__O_OO___W
W_______OO___W
W______OOO___W
W____________W
WWWWWWWWWWWWWW
2
0 2 11
1 14 3
22
0 8 5
1 9 5
5 9 4
6 6 4
7 11 4
8 10 5
9 10 4
10 11 8
11 11 7
12 9 6
13 6 10
14 8 4
15 8 6
16 7 4
17 1 6
18 9 7
19 4 12
20 11 9
21 5 12
22 6 11
23 6 12
24 3 1
8
1 8
3 8
4 1
7 4
7 5
7 8
10 8
15 2
10 0 0 0 0 8 0 1
11
17 14
WWWWWWWWWWWWWW
W____________W
W____OOOOOOO_W
W________OO__W
W____OOOOO_O_W
W____OOOOOO__W
W____O__OO___W
W__________O_W
W________O___W
W_____O__O___W
W____________W
W______O_____W
W__OO__O____OW
W__O_____O_O_W
W______O_O___W
W____________W
WWWWWWWWWWWWWW
2
0 3 11
1 9 12
37
0 12 5
1 7 8
2 7 7
3 13 8
4 7 9
6 7 6
7 7 5
10 7 10
11 9 8
13 12 6
14 7 4
15 12 8
16 10 8
17 9 10
18 2 4
19 11 9
20 6 4
21 7 3
22 11 8
23 1 4
24 6 3
25 7 2
26 1 7
27 1 6
28 1 9
29 1 10
30 9 11
31 10 11
32 1 11
33 1 12
34 2 3
35 2 12
36 1 3
37 1 5
38 3 7
39 4 2
40 3 8
8
1 6
1 11
2 1
2 12
3 1
3 2
3 5
4 4
2 0 0 2 0 0 0 1
