298722
8
2 3 7 6 4 4 3 29
6
17 14
WWWWWWWWWWWWWW
W____________W
W___O__O_____W
W___O________W
W___OOOOOOOO_W
W____________W
W__O_________W
W_OOOOOOO____W
W_OOO____O___W
W________OOO_W
W__O_________W
W_OOOOOOOOO__W
W___O________W
W___O________W
W__OO________W
W____________W
WWWWWWWWWWWWWW
2
0 1 7
1 3 6
19
0 1 6
1 1 5
2 1 2
3 1 1
4 2 1
5 4 1
6 8 12
7 9 1
8 10 1
9 15 2
10 10 11
11 11 12
12 14 2
13 12 11
14 15 4
15 12 9
16 12 7
17 12 5
18 14 5
8
5 6
6 7
7 1
8 5
9 1
10 12
12 11
14 11
0 0 0 0 0 0 0 0
38
17 14
WWWWWWWWWWWWWW
W________O___W
W___O__O_____W
W___O________W
W___OO_OO_OO_W
W__________O_W
W__O__O______W
W_OOOOO_O____W
W_OOO____O___W
W______O_OO__W
W__O_________W
W_OOO_OOOOO__W
W___O________W
W___O________W
W__OO________W
W____O_______W
WWWWWWWWWWWWWW
2
0 15 10
1 2 9
3
0 4 9
1 13 10
2 13 2
8
1 2
1 5
2 5
4 2
10 11
12 5
15 3
15 4
0 0 0 0 0 0 0 0