298629
8
2 3 7 6 4 4 3 29
24
17 14
WWWWWWWWWWWWWW
W____________W
W___O_OO_____W
W_O__________W
W___OO_OOOOO_W
W__________O_W
W__O_________W
W_OOOOOOO____W
W_OOO____O___W
W________OO__W
W__O_________W
W_OOOOOOOOO__W
W___O________W
W___O________W
W__OO________W
W____________W
WWWWWWWWWWWWWW
2
0 14 2
1 5 7
14
0 5 3
1 5 6
2 3 4
3 3 3
4 4 6
5 5 4
6 15 2
7 13 2
8 12 2
9 15 3
10 6 11
11 6 12
12 11 12
13 8 8
8
1 5
2 11
5 12
10 6
13 7
14 6
15 4
15 11
0 0 0 0 0 0 0 0
28
17 14
WWWWWWWWWWWWWW
W___________OW
W___O__O_____W
W___OO_______W
WO_____OOOOO_W
W_____O____O_W
W__O_________W
W_OOO_OOO____W
W_OOO____O___W
W________OO__W
W__O_________W
W_OOOOOOOOO__W
W___O________W
W___O________W
W__OO________W
W____________W
WWWWWWWWWWWWWW
2
0 12 2
1 3 12
12
0 5 1
1 1 10
2 1 9
3 2 10
4 1 8
5 6 1
6 6 11
7 8 11
8 9 11
9 15 4
10 15 2
11 12 5
8
5 12
6 9
8 6
13 7
14 6
15 3
15 4
15 11
0 0 0 0 0 0 0 0
