272638
8
1 6 7 4 1 4 4 16
34
17 14
WWWWWWWWWWWWWW
W____O_______W
W____________W
W____________W
W____O____OO_W
W_O__O___O___W
W_______O____W
W___OOOOOOOO_W
W__OOOO___OO_W
W____O_______W
W___OOOOOOOO_W
W_____OO__OO_W
W____________W
W_O__O_O_O___W
W______O_____W
W____________W
WWWWWWWWWWWWWW
2
0 4 9
1 12 9
20
0 2 11
1 2 10
2 3 11
3 4 12
4 3 12
5 5 12
6 6 12
7 9 12
8 10 12
9 12 10
10 9 11
11 12 11
12 9 10
13 12 12
14 9 9
15 11 12
16 14 8
17 13 8
18 9 8
19 8 9
8
2 10
5 10
9 9
12 1
12 11
13 12
14 9
15 10
8 0 0 0 0 0 0 0
24
17 14
WWWWWWWWWWWWWW
W____________W
W____O_______W
W____O_______W
W____O___OO__W
W_O__O_______W
W____O_____O_W
W____OOOO_OO_W
W_OOOOO___OO_W
W____O___O___W
W___OO_OOOOO_W
W__O___O__OO_W
W____O_O_____W
W_____OO_____W
W______O_____W
W____________W
WWWWWWWWWWWWWW
2
0 9 7
1 11 2
21
0 8 9
1 7 9
2 6 9
3 5 9
4 5 10
5 5 11
6 5 12
7 7 12
8 8 12
9 15 8
10 13 5
11 14 5
12 12 4
13 12 2
14 15 7
15 14 8
16 12 8
17 12 9
18 12 10
19 9 11
20 12 11
8
1 11
9 12
12 2
12 11
13 8
13 9
14 9
15 10
16 0 0 0 0 0 0 0
