298759
8
4 5 3 3 2 4 2 14
22
17 14
WWWWWWWWWWWWWW
W____________W
W___O_O______W
W___O_O___OO_W
W___O_O______W
W___O_O_O____W
W___O_O___O__W
W_______O____W
W______OOOOO_W
W_______OO___W
W_______OOOO_W
W_______OO_O_W
W___OOOOOOOO_W
W_______OO___W
W________O___W
W____________W
WWWWWWWWWWWWWW
2
0 6 9
1 1 6
15
0 7 4
1 15 9
2 4 9
3 3 7
4 15 8
5 5 9
6 5 10
7 4 12
8 4 11
9 5 11
10 7 11
11 5 12
12 7 12
13 10 12
14 9 12
8
1 11
1 12
2 8
3 8
5 10
6 10
6 11
7 11
0 0 0 0 0 2 0 0
30
17 14
WWWWWWWWWWWWWW
W____________W
W___O__O_____W
W___O_O___OO_W
W___O_O______W
W___O_O_O____W
W___O_O_O____W
W_______O____W
W______OOOOO_W
W_______OO___W
W_______OOOO_W
W_______OO_O_W
W___OOOOOOOO_W
W_______OO___W
W________O___W
W____________W
WWWWWWWWWWWWWW
2
0 1 3
1 2 6
15
0 4 5
1 1 9
2 1 10
3 1 7
4 14 7
5 1 11
6 1 12
7 2 12
8 3 12
9 4 12
10 6 12
11 5 12
12 7 12
13 12 12
14 13 12
8
1 8
1 11
1 12
3 8
5 10
6 10
6 11
7 11
0 0 0 0 0 0 0 0
