231270
8
6 7 5 3 3 4 2 22
2
17 14
WWWWWWWWWWWWWW
W____________W
W____O____O__W
W____________W
W__O_________W
W_OOOOO___OO_W
W_OOOOOO_OO__W
W___OOOO__O__W
W_________O__W
W__O______O__W
W__O______O__W
W____O____O__W
W__O______O__W
W_OOOOO__O___W
W_________OO_W
W____________W
WWWWWWWWWWWWWW
2
0 3 1
1 10 6
11
0 1 4
1 1 6
2 7 2
3 6 1
4 5 1
5 4 1
6 1 11
7 3 12
8 3 11
9 2 1
10 12 12
8
1 9
6 11
8 1
10 8
10 12
11 12
15 10
15 11
0 0 0 0 0 7 0 0
22
17 14
WWWWWWWWWWWWWW
W____________W
W____O____O__W
W____________W
W__O_____O___W
W_OOOOO___O__W
W_OOOOOO_OO__W
W___OOOO__O__W
W_________O__W
W__O______O__W
W__O______O__W
W__O__O___O__W
W__O_____OO__W
W_OOO_______OW
W__________O_W
W____O_______W
WWWWWWWWWWWWWW
2
0 2 8
1 12 11
15
0 13 9
1 13 8
2 12 8
3 2 9
4 11 8
5 3 10
6 3 11
7 1 5
8 3 5
9 1 6
10 3 2
11 3 1
12 6 1
13 8 3
14 10 1
8
1 2
3 1
3 5
4 12
8 1
10 8
11 2
14 3
0 0 0 0 0 0 0 0