296854
8
4 3 3 3 3 4 4 18
22
17 14
WWWWWWWWWWWWWW
W____________W
W______O_____W
W______OOOOO_W
W__OOOOOOOO__W
W_OOOOOO_____W
W_OOOO_______W
W_OO_________W
W__O_________W
W__O______O__W
W_________O__W
W__O______O__W
W_O_O_____O__W
W_O_______OO_W
W___O_____O__W
W____________W
WWWWWWWWWWWWWW
2
0 1 7
1 13 4
11
0 13 5
1 5 10
2 6 11
3 14 1
4 3 12
5 10 2
6 8 1
7 8 2
8 1 5
9 1 4
10 10 11
8
5 10
6 6
6 8
6 11
7 4
8 4
8 11
11 8
0 0 0 0 0 0 0 0
2
17 14
WWWWWWWWWWWWWW
W____________W
W____________W
W______OOOOO_W
W__OOOOOOOO__W
W_OOOOOO_____W
W_OOOO_______W
W_O__________W
W__O_________W
W__O______O__W
W__OO_____O__W
W_________O__W
W_OOO_____O__W
W_O_______OO_W
W____O____O__W
W____________W
WWWWWWWWWWWWWW
2
0 5 1
1 13 6
11
0 10 6
1 9 6
2 11 6
3 1 4
4 14 9
5 15 9
6 4 11
7 15 11
8 14 12
9 8 8
10 8 10
8
5 9
6 6
6 9
7 4
8 4
8 11
11 8
13 7
0 1 1 1 1 1 1 0
